
	Trial License -- for use to evaluate programs for possible purchase as an end-user only.

>> a = magic(37)

a =

  Columns 1 through 8

         705         744         783         822         861         900         939         978
         743         782         821         860         899         938         977        1016
         781         820         859         898         937         976        1015        1054
         819         858         897         936         975        1014        1053        1092
         857         896         935         974        1013        1052        1091        1130
         895         934         973        1012        1051        1090        1129        1168
         933         972        1011        1050        1089        1128        1167        1206
         971        1010        1049        1088        1127        1166        1205        1244
        1009        1048        1087        1126        1165        1204        1243        1282
        1047        1086        1125        1164        1203        1242        1281        1320
        1085        1124        1163        1202        1241        1280        1319        1358
        1123        1162        1201        1240        1279        1318        1357          27
        1161        1200        1239        1278        1317        1356          26          65
        1199        1238        1277        1316        1355          25          64         103
        1237        1276        1315        1354          24          63         102         141
        1275        1314        1353          23          62         101         140         179
        1313        1352          22          61         100         139         178         217
        1351          21          60          99         138         177         216         255
          20          59          98         137         176         215         254         293
          58          97         136         175         214         253         292         331
          96         135         174         213         252         291         330         369
         134         173         212         251         290         329         368         407
         172         211         250         289         328         367         406         408
         210         249         288         327         366         405         444         446
         248         287         326         365         404         443         445         484
         286         325         364         403         442         481         483         522
         324         363         402         441         480         482         521         560
         362         401         440         479         518         520         559         598
         400         439         478         517         519         558         597         636
         438         477         516         555         557         596         635         674
         476         515         554         556         595         634         673         712
         514         553         592         594         633         672         711         750
         552         591         593         632         671         710         749         788
         590         629         631         670         709         748         787         826
         628         630         669         708         747         786         825         864
         666         668         707         746         785         824         863         902
         667         706         745         784         823         862         901         940

  Columns 9 through 16

        1017        1056        1095        1134        1173        1212        1251        1290
        1055        1094        1133        1172        1211        1250        1289        1328
        1093        1132        1171        1210        1249        1288        1327        1366
        1131        1170        1209        1248        1287        1326        1365          35
        1169        1208        1247        1286        1325        1364          34          73
        1207        1246        1285        1324        1363          33          72         111
        1245        1284        1323        1362          32          71         110         112
        1283        1322        1361          31          70         109         148         150
        1321        1360          30          69         108         147         149         188
        1359          29          68         107         146         185         187         226
          28          67         106         145         184         186         225         264
          66         105         144         183         222         224         263         302
         104         143         182         221         223         262         301         340
         142         181         220         259         261         300         339         378
         180         219         258         260         299         338         377         416
         218         257         296         298         337         376         415         454
         256         295         297         336         375         414         453         492
         294         333         335         374         413         452         491         530
         332         334         373         412         451         490         529         568
         370         372         411         450         489         528         567         606
         371         410         449         488         527         566         605         644
         409         448         487         526         565         604         643         682
         447         486         525         564         603         642         681         720
         485         524         563         602         641         680         719         758
         523         562         601         640         679         718         757         796
         561         600         639         678         717         756         795         834
         599         638         677         716         755         794         833         872
         637         676         715         754         793         832         871         910
         675         714         753         792         831         870         909         948
         713         752         791         830         869         908         947         986
         751         790         829         868         907         946         985        1024
         789         828         867         906         945         984        1023        1062
         827         866         905         944         983        1022        1061        1100
         865         904         943         982        1021        1060        1099        1138
         903         942         981        1020        1059        1098        1137        1176
         941         980        1019        1058        1097        1136        1175        1214
         979        1018        1057        1096        1135        1174        1213        1252

